ros-noetic-ros-comm=1.16.0-1focal.20230215.221226
ros-noetic-roscpp-tutorials=0.10.2-1focal.20230215.211238
ros-noetic-rospy-tutorials=0.10.2-1focal.20230215.214550
