ros-foxy-ros1-bridge=0.9.6-1focal.20221013.010545
ros-foxy-demo-nodes-cpp=0.9.4-1focal.20221012.234801
ros-foxy-demo-nodes-py=0.9.4-1focal.20221013.000322
